700004000
006852000
030090006
020300600
180509073
009007040
800070060
690185700
400900001
751634892
946852137
238791456
527348619
184569273
369217548
812473965
693185724
475926381
004810672
370000080
002709010
600300090
009070100
013002008
080406700
008000001
937085200
594813672
371264985
862759314
628341597
459678123
713592468
185426739
246937851
937185246
530840269
120960387
689327105
708502016
396718524
201496738
412070853
960280471
873054602
537841269
124965387
689327145
748532916
396718524
251496738
412679853
965283471
873154692
204560301
130240965
560713284
750390842
921080653
803650719
490026137
600100508
308070426
284569371
137248965
569713284
756391842
921487653
843652719
495826137
672134598
318975426
512790803
496031207
380200409
170652398
250489671
960307024
730028046
809106035
640570902
512794863
496831257
387265419
174652398
253489671
968317524
735928146
829146735
641573982
437060002
985023004
201480539
543010298
806009057
109850043
610098075
302070486
708604901
437965812
985123764
261487539
543716298
826349157
179852643
614298375
392571486
758634921
064700580
108060432
309020106
586090004
941086725
720051060
410908650
630100807
807600201
264713589
178569432
359824176
586297314
941386725
723451968
412978653
635142897
897635241
930805062
160204057
570609048
289741036
350962874
740308001
017503609
090087423
803090015
934875162
168234957
572619348
289741536
351962874
746358291
417523689
695187423
823496715
070230096
392000145
860095703
430007908
785060004
129083067
900016072
607042009
040709001
571234896
392678145
864195723
436527918
785961234
129483567
958316472
617842359
243759681
029060508
060450792
050210340
506092034
931000027
280706059
610903085
840501063
305080201
429367518
163458792
758219346
576192834
931845627
284736159
612973485
847521963
395684271