604201809
290870305
705063012
050708090
820009054
907040203
309080127
108090546
502010908
634251879
291874365
785963412
453728691
826139754
917546283
349685127
178392546
562417938
506019007
720305008
104080905
460908002
900602074
802050609
340590206
608104003
290060401
586219347
729345168
134786925
463978512
915632874
872451639
341597286
658124793
297863451
410760092
009080013
603090704
902070301
500902047
380010925
104050209
805020406
206040108
418763592
759284613
623591784
942875361
561932847
387416925
134658279
875129436
296347158
702050104
100800279
890100635
500240306
203000807
680305010
405763900
920400063
308090701
732956184
156834279
894127635
571248396
243619857
689375412
415763928
927481563
368592741
950702003
700040601
300860705
500090318
601080409
408030007
200108074
170403006
800906002
956712843
782345691
314869725
527694318
631287459
498531267
263158974
179423586
845976132
010304608
800900254
407080103
108060402
030109060
600802005
380600709
740003086
900470001
519324678
863917254
427586193
198765432
235149867
674832915
382651749
741293586
956478321
710630480
906020307
403080509
000190604
304070801
160040203
801050706
640010905
502400008
715639482
986524317
423781569
278193654
354276891
169845273
831952746
647318925
592467138
702008031
408010029
100070806
900040208
801020403
206080057
500730004
600204005
304050002
792468531
468513729
135972846
973145268
851627493
246389157
529731684
687294315
314856972
509006002
207300601
631009008
103097285
070203064
402010037
320570809
704060503
800930006
589146372
247385691
631729458
163497285
978253164
452618937
326574819
794861523
815932746
309070805
008090206
106050403
405000701
900705048
830201069
790028034
600007182
200610007
329476815
548193276
176852493
465389721
912765348
837241569
791528634
654937182
283614957